当前等级,目标等级,需要经验,描述,达到VIP需要的经验,,
currentLevel,nextLevel_kn,exp_n,tips_s,vip_exp_n,,
0,1,0,,0,,
1,2,0,,0,,
2,3,0,,0,,
3,4,1000,,1000,,
4,5,4000,,5000,,
5,6,5000,,10000,,
6,7,10000,,20000,,
7,8,30000,,50000,,
8,9,50000,,100000,,
9,10,100000,,200000,,
10,11,200000,,400000,,
11,12,300000,,700000,,
12,13,300000,,1000000,,
13,14,500000,,1500000,,
14,15,500000,,2000000,,
15,16,1000000,,3000000,,
16,17,1000000,,4000000,,
17,18,1500000,,5500000,,
18,19,2000000,,7500000,,
19,20,2500000,,10000000,,
